HEAD
     1     2
AVEVA PDMS Design Mk12.1.SP4.0[4074]  (WINDOWS-NT 6.1)  (25 Jun 2013 : 20:47)

Mon Jun 28 11:16:24 2021
happyrust@LAPTOP-9LBAKCHI
Unicode UTF-8
MODL
     1     1
SAM
/SAMPLE
CNTB
     1     2
/STABILIZER
          0.00          0.00       1000.00
     1
CNTB
     1     2
/PIPES
          0.00          0.00       1000.00
     1
CNTB
     1     2
/100-B-1
          0.00          0.00       1000.00
     1
CNTB
     1     2
/100-B-1-B1
          0.00          0.00       1000.00
     1
CNTB
     1     2
GASKET 1 of BRANCH /100-B-1-B1
      12490.00      12280.00       2150.00
     1
CNTE
     1     2
CNTB
     1     2
FLANGE 1 of BRANCH /100-B-1-B1
      12490.00      12280.00       2151.50
     1
PRIM
     1     1
     8
    -0.0010000     0.0000000     0.0000000    12.4900000
     0.0000000    -0.0010000     0.0000000    12.2800000
     0.0000000     0.0000000     0.0010000     2.1625000
        -82.50        -82.50        -11.00
         82.50         82.50         11.00
    82.5000000    22.0000000
PRIM
     1     1
     7
    -0.0010000     0.0000000     0.0000000    12.4900000
     0.0000000    -0.0010000     0.0000000    12.2800000
     0.0000000     0.0000000     0.0010000     2.1974250
        -42.00        -42.00        -23.93
         42.00         42.00         23.93
    42.0000000    30.0000000    47.8500000     0.0000000     0.0000000
     0.0000000     0.0000000     0.0000000     0.0000000
CNTE
     1     2
CNTB
     1     2
REDUCER 1 of BRANCH /100-B-1-B1
      12490.00      12280.00       2450.50
     1
PRIM
     1     1
     7
     0.0010000     0.0000000     0.0000000    12.4900000
     0.0000000    -0.0010000     0.0000000    12.2800000
     0.0000000     0.0000000    -0.0010000     2.3819200
        -57.00        -57.00        -68.58
         57.00         57.00         68.58
    57.0000000    30.0000000   137.1600037     0.0000000     0.0000000
     0.0000000     0.0000000     0.0000000     0.0000000
PRIM
     1     1
     8
     0.0010000     0.0000000     0.0000000    12.4900000
     0.0000000    -0.0010000     0.0000000    12.2800000
     0.0000000     0.0000000    -0.0010000     2.2676200
        -30.00        -30.00        -45.72
         30.00         30.00         45.72
    30.0000000    91.4400024
CNTE
     1     2
PRIM
     1     1
     8
     0.0010000     0.0000000     0.0000000    12.4900000
     0.0000000    -0.0010000     0.0000000    12.2800000
     0.0000000     0.0000000    -0.0010000     2.5998900
        -57.15        -57.15       -149.39
         57.15         57.15        149.39
    57.1500000   298.7800000
CNTB
     1     2
FLANGE 2 of BRANCH /100-B-1-B1
      12490.00      12280.00       2835.00
     1
PRIM
     1     1
     8
     0.0010000     0.0000000     0.0000000    12.4900000
     0.0000000    -0.0010000     0.0000000    12.2800000
     0.0000000     0.0000000    -0.0010000     2.8190000
       -127.00       -127.00        -16.00
        127.00        127.00         16.00
   127.0000000    32.0000000
PRIM
     1     1
     7
     0.0010000     0.0000000     0.0000000    12.4900000
     0.0000000    -0.0010000     0.0000000    12.2800000
     0.0000000     0.0000000    -0.0010000     2.7761400
        -73.00        -73.00        -26.86
         73.00         73.00         26.86
    73.0000000    57.0000000    53.7200000     0.0000000     0.0000000
     0.0000000     0.0000000     0.0000000     0.0000000
CNTE
     1     2
CNTB
     1     2
GASKET 2 of BRANCH /100-B-1-B1
      12490.00      12280.00       2835.00
     1
CNTE
     1     2
CNTB
     1     2
/V102
      12490.00      12280.00       2836.50
     1
PRIM
     1     1
     8
    -0.0010000     0.0000000     0.0000000    12.4900000
     0.0000000    -0.0010000     0.0000000    12.2800000
     0.0000000     0.0000000     0.0010000     2.8438020
        -90.50        -90.50         -7.30
         90.50         90.50          7.30
    90.5000000    14.6039993
PRIM
     1     1
     8
     0.0010000     0.0000000     0.0000000    12.4900000
     0.0000000    -0.0010000     0.0000000    12.2800000
     0.0000000     0.0000000    -0.0010000     2.9022180
        -90.50        -90.50         -7.30
         90.50         90.50          7.30
    90.5000000    14.6039993
PRIM
     1     1
     8
    -0.0010000     0.0000000     0.0000000    12.4900000
     0.0000000    -0.0010000     0.0000000    12.2800000
     0.0000000     0.0000000     0.0010000     2.8730100
        -72.40        -72.40        -21.91
         72.40         72.40         21.91
    72.4000000    43.8119980
CNTE
     1     2
CNTB
     1     2
GASKET 3 of BRANCH /100-B-1-B1
      12490.00      12280.00       2909.50
     1
CNTE
     1     2
CNTB
     1     2
/V103
      12490.00      12280.00       3063.40
     1
PRIM
     1     1
     8
     0.0010000     0.0000000     0.0000000    12.4900000
     0.0000000     0.0010000     0.0000000    12.2800000
     0.0000000     0.0000000     0.0010000     2.9270000
       -127.00       -127.00        -16.00
        127.00        127.00         16.00
   127.0000000    32.0000000
PRIM
     1     1
     8
    -0.0010000     0.0000000     0.0000000    12.4900000
     0.0000000     0.0010000     0.0000000    12.2800000
     0.0000000     0.0000000    -0.0010000     3.1998000
       -127.00       -127.00        -16.00
        127.00        127.00         16.00
   127.0000000    32.0000000
PRIM
     1     1
     8
     0.0000000     0.0000000     0.0010000    12.5804500
    -0.0010000     0.0000000     0.0000000    12.2800000
     0.0000000    -0.0010000     0.0000000     3.0634000
        -76.20        -76.20        -90.45
         76.20         76.20         90.45
    76.1999969   180.9000000
PRIM
     1     1
     8
     0.0010000     0.0000000     0.0000000    12.4900000
     0.0000000     0.0010000     0.0000000    12.2800000
     0.0000000     0.0000000     0.0010000     3.0634000
        -76.20        -76.20       -120.40
         76.20         76.20        120.40
    76.2000000   240.7999878
PRIM
     1     1
     8
     0.0000000     0.0000000     0.0010000    12.7915000
    -0.0010000     0.0000000     0.0000000    12.2800000
     0.0000000    -0.0010000     0.0000000     3.0634000
        -16.00        -16.00       -301.50
         16.00         16.00        301.50
    16.0000000   603.0000000
PRIM
     1     1
     2
     0.0000000     0.0000000     0.0010000    12.7010500
     0.0000000    -0.0010000     0.0000000    12.2800000
     0.0010000     0.0000000     0.0000000     3.0634000
        -99.06        -99.06        -48.00
         99.06         99.06         48.00
   198.1199921   198.1199921    96.0000000
PRIM
     1     1
     2
     0.0000000     0.0000000     0.0010000    12.8518000
     0.0000000    -0.0010000     0.0000000    12.2800000
     0.0010000     0.0000000     0.0000000     3.0634000
        -38.10        -76.20       -150.75
         38.10         76.20        150.75
    76.1999969   152.3999939   301.5000000
PRIM
     1     1
     5
     0.0000000     0.0000000    -0.0010000    12.4900000
     0.0010000     0.0000000     0.0000000    12.2800000
     0.0000000    -0.0010000     0.0000000     3.0634000
        -99.06        -99.06          0.00
         99.06         99.06        127.00
    99.0599960   127.0000000
PRIM
     1     1
     4
     0.0000000     0.0000000     0.0010000    13.0930000
     0.0000000     0.0010000     0.0000000    12.2800000
    -0.0010000     0.0000000     0.0000000     3.0634000
       -135.00          0.00         -8.00
        135.00        135.00          8.00
   127.0000000     8.0000000     3.1415927
PRIM
     1     1
     4
     0.0000000     0.0000000    -0.0010000    13.0930000
     0.0000000    -0.0010000     0.0000000    12.2800000
    -0.0010000     0.0000000     0.0000000     3.0634000
       -135.00          0.00         -8.00
        135.00        135.00          8.00
   127.0000000     8.0000000     3.1415927
PRIM
     1     1
     8
    -0.0010000     0.0000000     0.0000000    13.0930000
     0.0000000     0.0010000     0.0000000    12.2800000
     0.0000000     0.0000000    -0.0010000     3.0634000
         -4.80         -4.80       -127.00
          4.80          4.80        127.00
     4.8000000   254.0000000
PRIM
     1     1
     8
    -0.0010000     0.0000000     0.0000000    13.0930000
     0.0000000     0.0000000    -0.0010000    12.2800000
     0.0000000    -0.0010000     0.0000000     3.0634000
         -4.80         -4.80       -127.00
          4.80          4.80        127.00
     4.8000000   254.0000000
CNTE
     1     2
CNTB
     1     2
GASKET 4 of BRANCH /100-B-1-B1
      12490.00      12280.00       3215.80
     1
CNTE
     1     2
CNTB
     1     2
FLANGE 3 of BRANCH /100-B-1-B1
      12490.00      12280.00       3217.30
     1
PRIM
     1     1
     8
    -0.0010000     0.0000000     0.0000000    12.4900000
     0.0000000    -0.0010000     0.0000000    12.2800000
     0.0000000     0.0000000     0.0010000     3.2333000
       -127.00       -127.00        -16.00
        127.00        127.00         16.00
   127.0000000    32.0000000
PRIM
     1     1
     7
    -0.0010000     0.0000000     0.0000000    12.4900000
     0.0000000    -0.0010000     0.0000000    12.2800000
     0.0000000     0.0000000     0.0010000     3.2761600
        -73.00        -73.00        -26.86
         73.00         73.00         26.86
    73.0000000    57.0000000    53.7200000     0.0000000     0.0000000
     0.0000000     0.0000000     0.0000000     0.0000000
CNTE
     1     2
PRIM
     1     1
     8
     0.0010000     0.0000000     0.0000000    12.4900000
     0.0000000    -0.0010000     0.0000000    12.2800000
     0.0000000     0.0000000    -0.0010000     3.8253100
        -57.15        -57.15       -522.29
         57.15         57.15        522.29
    57.1500000  1044.5800061
CNTB
     1     2
ELBOW 1 of BRANCH /100-B-1-B1
      12490.00      12280.00       4500.00
     1
PRIM
     1     1
     4
     0.0000000    -0.0010000     0.0000000    12.6424000
     0.0000000     0.0000000    -0.0010000    12.2800000
     0.0010000     0.0000000     0.0000000     4.3476000
          0.00          0.00        -57.00
        209.40        209.40         57.00
   152.3999939    57.0000000     1.5707963
CNTE
     1     2
PRIM
     1     1
     8
     0.0000000     0.0000000    -0.0010000    13.2387950
     0.0010000     0.0000000     0.0000000    12.2800000
     0.0000000    -0.0010000     0.0000000     4.5000000
        -57.15        -57.15       -596.40
         57.15         57.15        596.40
    57.1500000  1192.7900095
CNTB
     1     2
/100-B-1-B1-TEE1
      13939.96      12280.00       4500.00
     1
PRIM
     1     1
     8
     0.0000000    -0.0010000     0.0000000    13.9399600
     0.0000000     0.0000000     0.0010000    12.3323850
    -0.0010000     0.0000000     0.0000000     4.5000000
        -57.00        -57.00        -52.39
         57.00         57.00         52.39
    57.0000000   104.7699966
PRIM
     1     1
     8
     0.0000000     0.0000000     0.0010000    13.9399600
     0.0010000     0.0000000     0.0000000    12.2800000
     0.0000000     0.0010000     0.0000000     4.5000000
        -57.00        -57.00       -104.77
         57.00         57.00        104.77
    57.0000000   209.5399933
CNTE
     1     2
PRIM
     1     1
     8
     0.0000000    -0.0010000     0.0000000    13.9399600
     0.0000000     0.0000000    -0.0010000    13.2661850
     0.0010000     0.0000000     0.0000000     4.5000000
        -57.15        -57.15       -881.42
         57.15         57.15        881.42
    57.1500000  1762.8300095
CNTB
     1     2
/XXXX=204/320
      13939.96      14148.00       4500.00
     1
CNTE
     1     2
CNTB
     1     2
ELBOW 2 of BRANCH /100-B-1-B1
      13939.96      14300.00       4500.00
     1
PRIM
     1     1
     4
     0.0000000     0.0010000     0.0000000    13.7875600
     0.0010000     0.0000000     0.0000000    14.1476000
     0.0000000     0.0000000    -0.0010000     4.5000000
          0.00          0.00        -57.00
        209.40        209.40         57.00
   152.3999939    57.0000000     1.5707963
CNTE
     1     2
PRIM
     1     1
     8
     0.0000000     0.0000000     0.0010000    13.2150400
     0.0000000    -0.0010000     0.0000000    14.3000000
     0.0010000     0.0000000     0.0000000     4.5000000
        -57.15        -57.15       -572.52
         57.15         57.15        572.52
    57.1500000  1145.0400122
CNTB
     1     2
ELBOW 3 of BRANCH /100-B-1-B1
      12490.12      14300.00       4500.00
     1
PRIM
     1     1
     4
    -0.0010000     0.0000000     0.0000000    12.6425200
     0.0000000     0.0000000     0.0010000    14.3000000
     0.0000000     0.0010000     0.0000000     4.3476000
          0.00          0.00        -57.00
        209.40        209.40         57.00
   152.3999939    57.0000000     1.5707963
CNTE
     1     2
PRIM
     1     1
     8
     0.0000000     0.0010000     0.0000000    12.4901200
    -0.0010000     0.0000000     0.0000000    14.3000000
     0.0000000     0.0000000     0.0010000     3.9213350
        -57.15        -57.15       -426.27
         57.15         57.15        426.27
    57.1500000   852.5300061
CNTB
     1     2
FLANGE 4 of BRANCH /100-B-1-B1
      12490.12      14300.00       3403.00
     1
PRIM
     1     1
     8
     0.0010000     0.0000000     0.0000000    12.4901200
     0.0000000     0.0010000     0.0000000    14.3000000
     0.0000000     0.0000000     0.0010000     3.4220000
       -127.00       -127.00        -19.00
        127.00        127.00         19.00
   127.0000000    38.0000000
PRIM
     1     1
     7
     0.0010000     0.0000000     0.0000000    12.4901200
     0.0000000     0.0010000     0.0000000    14.3000000
     0.0000000     0.0000000     0.0010000     3.4680350
        -73.00        -73.00        -27.04
         73.00         73.00         27.04
    73.0000000    57.0000000    54.0700000     0.0000000     0.0000000
     0.0000000     0.0000000     0.0000000     0.0000000
CNTE
     1     2
CNTB
     1     2
GASKET 5 of BRANCH /100-B-1-B1
      12490.12      14300.00       3403.00
     1
CNTE
     1     2
CNTB
     1     2
/FE-116
      12490.12      14300.00       3400.00
     1
PRIM
     1     1
     8
     0.0010000     0.0000000     0.0000000    12.4901200
     0.0000000    -0.0010000     0.0000000    14.3000000
     0.0000000     0.0000000    -0.0010000     3.4000000
       -127.00       -127.00         -1.50
        127.00        127.00          1.50
   127.0000000     3.0000000
CNTE
     1     2
CNTB
     1     2
GASKET 6 of BRANCH /100-B-1-B1
      12490.12      14300.00       3398.50
     1
CNTE
     1     2
CNTB
     1     2
FLANGE 5 of BRANCH /100-B-1-B1
      12490.12      14300.00       3397.00
     1
PRIM
     1     1
     8
     0.0010000     0.0000000     0.0000000    12.4901200
     0.0000000    -0.0010000     0.0000000    14.3000000
     0.0000000     0.0000000    -0.0010000     3.3780000
       -127.00       -127.00        -19.00
        127.00        127.00         19.00
   127.0000000    38.0000000
PRIM
     1     1
     7
     0.0010000     0.0000000     0.0000000    12.4901200
     0.0000000    -0.0010000     0.0000000    14.3000000
     0.0000000     0.0000000    -0.0010000     3.3319650
        -73.00        -73.00        -27.04
         73.00         73.00         27.04
    73.0000000    57.0000000    54.0700000     0.0000000     0.0000000
     0.0000000     0.0000000     0.0000000     0.0000000
CNTE
     1     2
PRIM
     1     1
     8
    -0.0010000     0.0000000     0.0000000    12.4901200
     0.0000000    -0.0010000     0.0000000    14.3000000
     0.0000000     0.0000000     0.0010000     2.8549100
        -57.15        -57.15       -450.02
         57.15         57.15        450.02
    57.1500000   900.0400034
CNTB
     1     2
/XXXX=205/306
      12490.12      14300.00       2405.12
     1
CNTE
     1     2
CNTB
     1     2
/100-B-1-B1-TEE2
      12490.12      14300.00       2300.12
     1
PRIM
     1     1
     8
    -0.0010000     0.0000000     0.0000000    12.4901200
     0.0000000     0.0000000     0.0010000    14.3492100
     0.0000000     0.0010000     0.0000000     2.3001200
        -44.50        -44.50        -49.21
         44.50         44.50         49.21
    44.5000000    98.4199982
PRIM
     1     1
     8
     0.0000000     0.0010000     0.0000000    12.4901200
     0.0010000     0.0000000     0.0000000    14.3000000
     0.0000000     0.0000000    -0.0010000     2.3001200
        -57.00        -57.00       -104.77
         57.00         57.00        104.77
    57.0000000   209.5399933
CNTE
     1     2
CNTB
     1     2
FLANGE 6 of BRANCH /100-B-1-B1
      12490.12      14300.00       2109.12
     1
PRIM
     1     1
     8
    -0.0010000     0.0000000     0.0000000    12.4901200
     0.0000000    -0.0010000     0.0000000    14.3000000
     0.0000000     0.0000000     0.0010000     2.1251200
       -127.00       -127.00        -16.00
        127.00        127.00         16.00
   127.0000000    32.0000000
PRIM
     1     1
     7
    -0.0010000     0.0000000     0.0000000    12.4901200
     0.0000000    -0.0010000     0.0000000    14.3000000
     0.0000000     0.0000000     0.0010000     2.1679800
        -73.00        -73.00        -26.86
         73.00         73.00         26.86
    73.0000000    57.0000000    53.7200000     0.0000000     0.0000000
     0.0000000     0.0000000     0.0000000     0.0000000
CNTE
     1     2
CNTB
     1     2
GASKET 7 of BRANCH /100-B-1-B1
      12490.12      14300.00       2109.12
     1
CNTE
     1     2
CNTB
     1     2
/V104
      12490.12      14300.00       1955.22
     1
PRIM
     1     1
     8
     0.0010000     0.0000000     0.0000000    12.4901200
     0.0000000    -0.0010000     0.0000000    14.3000000
     0.0000000     0.0000000    -0.0010000     2.0916200
       -127.00       -127.00        -16.00
        127.00        127.00         16.00
   127.0000000    32.0000000
PRIM
     1     1
     8
    -0.0010000     0.0000000     0.0000000    12.4901200
     0.0000000    -0.0010000     0.0000000    14.3000000
     0.0000000     0.0000000     0.0010000     1.8188200
       -127.00       -127.00        -16.00
        127.00        127.00         16.00
   127.0000000    32.0000000
PRIM
     1     1
     8
     0.0000000     0.0000000     0.0010000    12.5805700
     0.0010000     0.0000000     0.0000000    14.3000000
     0.0000000     0.0010000     0.0000000     1.9552200
        -76.20        -76.20        -90.45
         76.20         76.20         90.45
    76.1999969   180.9000000
PRIM
     1     1
     8
     0.0010000     0.0000000     0.0000000    12.4901200
     0.0000000    -0.0010000     0.0000000    14.3000000
     0.0000000     0.0000000    -0.0010000     1.9552200
        -76.20        -76.20       -120.40
         76.20         76.20        120.40
    76.2000000   240.7999878
PRIM
     1     1
     8
     0.0000000     0.0000000     0.0010000    12.7916200
     0.0010000     0.0000000     0.0000000    14.3000000
     0.0000000     0.0010000     0.0000000     1.9552200
        -16.00        -16.00       -301.50
         16.00         16.00        301.50
    16.0000000   603.0000000
PRIM
     1     1
     2
     0.0000000     0.0000000     0.0010000    12.7011700
     0.0000000     0.0010000     0.0000000    14.3000000
    -0.0010000     0.0000000     0.0000000     1.9552200
        -99.06        -99.06        -48.00
         99.06         99.06         48.00
   198.1199921   198.1199921    96.0000000
PRIM
     1     1
     2
     0.0000000     0.0000000     0.0010000    12.8519200
     0.0000000     0.0010000     0.0000000    14.3000000
    -0.0010000     0.0000000     0.0000000     1.9552200
        -38.10        -76.20       -150.75
         38.10         76.20        150.75
    76.1999969   152.3999939   301.5000000
PRIM
     1     1
     5
     0.0000000     0.0000000    -0.0010000    12.4901200
    -0.0010000     0.0000000     0.0000000    14.3000000
     0.0000000     0.0010000     0.0000000     1.9552200
        -99.06        -99.06          0.00
         99.06         99.06        127.00
    99.0599960   127.0000000
PRIM
     1     1
     4
     0.0000000     0.0000000     0.0010000    13.0931200
     0.0000000    -0.0010000     0.0000000    14.3000000
     0.0010000     0.0000000     0.0000000     1.9552200
       -135.00          0.00         -8.00
        135.00        135.00          8.00
   127.0000000     8.0000000     3.1415927
PRIM
     1     1
     4
     0.0000000     0.0000000    -0.0010000    13.0931200
     0.0000000     0.0010000     0.0000000    14.3000000
     0.0010000     0.0000000     0.0000000     1.9552200
       -135.00          0.00         -8.00
        135.00        135.00          8.00
   127.0000000     8.0000000     3.1415927
PRIM
     1     1
     8
    -0.0010000     0.0000000     0.0000000    13.0931200
     0.0000000    -0.0010000     0.0000000    14.3000000
     0.0000000     0.0000000     0.0010000     1.9552200
         -4.80         -4.80       -127.00
          4.80          4.80        127.00
     4.8000000   254.0000000
PRIM
     1     1
     8
    -0.0010000     0.0000000     0.0000000    13.0931200
     0.0000000     0.0000000     0.0010000    14.3000000
     0.0000000     0.0010000     0.0000000     1.9552200
         -4.80         -4.80       -127.00
          4.80          4.80        127.00
     4.8000000   254.0000000
CNTE
     1     2
CNTB
     1     2
GASKET 8 of BRANCH /100-B-1-B1
      12490.12      14300.00       1802.82
     1
CNTE
     1     2
CNTB
     1     2
FLANGE 7 of BRANCH /100-B-1-B1
      12490.12      14300.00       1801.32
     1
PRIM
     1     1
     8
     0.0010000     0.0000000     0.0000000    12.4901200
     0.0000000    -0.0010000     0.0000000    14.3000000
     0.0000000     0.0000000    -0.0010000     1.7853200
       -127.00       -127.00        -16.00
        127.00        127.00         16.00
   127.0000000    32.0000000
PRIM
     1     1
     7
     0.0010000     0.0000000     0.0000000    12.4901200
     0.0000000    -0.0010000     0.0000000    14.3000000
     0.0000000     0.0000000    -0.0010000     1.7424600
        -73.00        -73.00        -26.86
         73.00         73.00         26.86
    73.0000000    57.0000000    53.7200000     0.0000000     0.0000000
     0.0000000     0.0000000     0.0000000     0.0000000
CNTE
     1     2
PRIM
     1     1
     8
    -0.0010000     0.0000000     0.0000000    12.4901200
     0.0000000    -0.0010000     0.0000000    14.3000000
     0.0000000     0.0000000     0.0010000     1.5840000
        -57.15        -57.15       -131.60
         57.15         57.15        131.60
    57.1500000   263.2000061
CNTB
     1     2
ELBOW 4 of BRANCH /100-B-1-B1
      12490.12      14300.00       1300.00
     1
PRIM
     1     1
     4
     0.0000000     0.0000000    -0.0010000    12.4901200
     0.0000000    -0.0010000     0.0000000    14.4524000
    -0.0010000     0.0000000     0.0000000     1.4524000
          0.00          0.00        -57.00
        209.40        209.40         57.00
   152.3999939    57.0000000     1.5707963
CNTE
     1     2
CNTB
     1     2
REDUCER 2 of BRANCH /100-B-1-B1
      12490.12      14452.00       1300.00
     1
PRIM
     1     1
     7
     0.0000000    -0.0010000     0.0000000    12.4901200
     0.0000000     0.0000000     0.0010000    14.5028000
    -0.0010000     0.0000000     0.0000000     1.2936500
        -50.85        -57.00        -50.80
         50.85         57.00         50.80
    57.0000000    44.5000000   101.5999985    12.6999998     0.0000000
     0.0000000     0.0000000     0.0000000     0.0000000
CNTE
     1     2
CNTB
     1     2
FLANGE 8 of BRANCH /100-B-1-B1
      12490.12      14633.00       1288.00
     1
PRIM
     1     1
     8
     0.0000000    -0.0010000     0.0000000    12.4901200
     0.0000000     0.0000000    -0.0010000    14.6185000
     0.0010000     0.0000000     0.0000000     1.2880000
       -105.00       -105.00        -14.50
        105.00        105.00         14.50
   105.0000000    29.0000000
PRIM
     1     1
     7
     0.0000000    -0.0010000     0.0000000    12.4901200
     0.0000000     0.0000000    -0.0010000    14.5788150
     0.0010000     0.0000000     0.0000000     1.2880000
        -58.50        -58.50        -25.19
         58.50         58.50         25.19
    58.5000000    44.5000000    50.3700000     0.0000000     0.0000000
     0.0000000     0.0000000     0.0000000     0.0000000
CNTE
     1     2
CNTB
     1     2
GASKET 9 of BRANCH /100-B-1-B1
      12490.12      14633.00       1288.00
     1
CNTE
     1     2
CNTB
     1     2
/FCV-116
      12490.12      14793.00       1288.00
     1
PRIM
     1     1
     8
     0.0000000     0.0010000     0.0000000    12.4901200
     0.0000000     0.0000000     0.0010000    14.6490000
     0.0010000     0.0000000     0.0000000     1.2880000
       -105.00       -105.00        -14.50
        105.00        105.00         14.50
   105.0000000    29.0000000
PRIM
     1     1
     8
     0.0000000     0.0010000     0.0000000    12.4901200
     0.0000000     0.0000000    -0.0010000    14.9370000
    -0.0010000     0.0000000     0.0000000     1.2880000
       -105.00       -105.00        -14.50
        105.00        105.00         14.50
   105.0000000    29.0000000
PRIM
     1     1
     8
     0.0000000     0.0010000     0.0000000    12.4901200
     0.0000000     0.0000000     0.0010000    14.7930000
     0.0010000     0.0000000     0.0000000     1.2880000
        -73.50        -73.50       -158.50
         73.50         73.50        158.50
    73.5000000   317.0000000
PRIM
     1     1
     7
     0.0000000    -0.0010000     0.0000000    12.4901200
     0.0010000     0.0000000     0.0000000    14.7930000
     0.0000000     0.0000000     0.0010000     1.3930000
        -63.00        -63.00       -105.00
         63.00         63.00        105.00
    63.0000000    43.3500000   210.0000000     0.0000000     0.0000000
     0.0000000     0.0000000     0.0000000     0.0000000
PRIM
     1     1
     7
     0.0000000    -0.0010000     0.0000000    12.4901200
     0.0010000     0.0000000     0.0000000    14.7930000
     0.0000000     0.0000000     0.0010000     1.2880000
        -94.50        -94.50        -84.00
         94.50         94.50         84.00
    21.0000000    94.5000000   168.0000000     0.0000000     0.0000000
     0.0000000     0.0000000     0.0000000     0.0000000
PRIM
     1     1
     7
     0.0000000    -0.0010000     0.0000000    12.4901200
     0.0010000     0.0000000     0.0000000    14.7930000
     0.0000000     0.0000000     0.0010000     1.8060000
       -144.50       -144.50        -14.00
        144.50        144.50         14.00
    72.2500000   144.5000000    28.0000000     0.0000000     0.0000000
     0.0000000     0.0000000     0.0000000     0.0000000
PRIM
     1     1
     8
    -0.0010000     0.0000000     0.0000000    12.4901200
     0.0000000    -0.0010000     0.0000000    14.7930000
     0.0000000     0.0000000     0.0010000     1.3930000
        -94.50        -94.50        -21.00
         94.50         94.50         21.00
    94.5000000    42.0000000
PRIM
     1     1
     8
    -0.0010000     0.0000000     0.0000000    12.4901200
     0.0000000    -0.0010000     0.0000000    14.7930000
     0.0000000     0.0000000     0.0010000     1.6450000
        -72.25        -72.25       -147.00
         72.25         72.25        147.00
    72.2500000   294.0000000
PRIM
     1     1
     5
    -0.0010000     0.0000000     0.0000000    12.4901200
     0.0000000    -0.0010000     0.0000000    14.7930000
     0.0000000     0.0000000     0.0010000     1.8200000
       -144.50       -144.50          0.00
        144.50        144.50         56.00
   144.5000000    56.0000000
CNTE
     1     2
CNTB
     1     2
GASKET 10 of BRANCH /100-B-1-B1
      12490.12      14951.50       1288.00
     1
CNTE
     1     2
CNTB
     1     2
FLANGE 9 of BRANCH /100-B-1-B1
      12490.12      14953.00       1288.00
     1
PRIM
     1     1
     8
     0.0000000     0.0010000     0.0000000    12.4901200
     0.0000000     0.0000000     0.0010000    14.9675000
     0.0010000     0.0000000     0.0000000     1.2880000
       -105.00       -105.00        -14.50
        105.00        105.00         14.50
   105.0000000    29.0000000
PRIM
     1     1
     7
     0.0000000     0.0010000     0.0000000    12.4901200
     0.0000000     0.0000000     0.0010000    15.0071850
     0.0010000     0.0000000     0.0000000     1.2880000
        -58.50        -58.50        -25.19
         58.50         58.50         25.19
    58.5000000    44.5000000    50.3700000     0.0000000     0.0000000
     0.0000000     0.0000000     0.0000000     0.0000000
CNTE
     1     2
CNTB
     1     2
REDUCER 3 of BRANCH /100-B-1-B1
      12490.12      15134.00       1300.00
     1
PRIM
     1     1
     7
     0.0000000     0.0010000     0.0000000    12.4901200
     0.0000000     0.0000000    -0.0010000    15.0832000
    -0.0010000     0.0000000     0.0000000     1.2936500
        -50.85        -57.00        -50.80
         50.85         57.00         50.80
    57.0000000    44.5000000   101.5999985    12.6999998     0.0000000
     0.0000000     0.0000000     0.0000000     0.0000000
CNTE
     1     2
CNTB
     1     2
FLANGE 10 of BRANCH /100-B-1-B1
      12490.12      15220.00       1300.00
     1
PRIM
     1     1
     8
     0.0000000    -0.0010000     0.0000000    12.4901200
     0.0000000     0.0000000    -0.0010000    15.2040000
     0.0010000     0.0000000     0.0000000     1.3000000
       -127.00       -127.00        -16.00
        127.00        127.00         16.00
   127.0000000    32.0000000
PRIM
     1     1
     7
     0.0000000    -0.0010000     0.0000000    12.4901200
     0.0000000     0.0000000    -0.0010000    15.1611400
     0.0010000     0.0000000     0.0000000     1.3000000
        -73.00        -73.00        -26.86
         73.00         73.00         26.86
    73.0000000    57.0000000    53.7200000     0.0000000     0.0000000
     0.0000000     0.0000000     0.0000000     0.0000000
CNTE
     1     2
CNTB
     1     2
GASKET 11 of BRANCH /100-B-1-B1
      12490.12      15220.00       1300.00
     1
CNTE
     1     2
CNTB
     1     2
/V106
      12490.12      15373.89       1300.00
     1
PRIM
     1     1
     8
     0.0000000     0.0010000     0.0000000    12.4901200
     0.0000000     0.0000000     0.0010000    15.2374900
     0.0010000     0.0000000     0.0000000     1.3000000
       -127.00       -127.00        -16.00
        127.00        127.00         16.00
   127.0000000    32.0000000
PRIM
     1     1
     8
     0.0000000     0.0010000     0.0000000    12.4901200
     0.0000000     0.0000000    -0.0010000    15.5102900
    -0.0010000     0.0000000     0.0000000     1.3000000
       -127.00       -127.00        -16.00
        127.00        127.00         16.00
   127.0000000    32.0000000
PRIM
     1     1
     8
    -0.0010000     0.0000000     0.0000000    12.4901200
     0.0000000    -0.0010000     0.0000000    15.3738900
     0.0000000     0.0000000     0.0010000     1.3904500
        -76.20        -76.20        -90.45
         76.20         76.20         90.45
    76.1999969   180.9000000
PRIM
     1     1
     8
     0.0000000     0.0010000     0.0000000    12.4901200
     0.0000000     0.0000000     0.0010000    15.3738900
     0.0010000     0.0000000     0.0000000     1.3000000
        -76.20        -76.20       -120.40
         76.20         76.20        120.40
    76.2000000   240.7999878
PRIM
     1     1
     8
    -0.0010000     0.0000000     0.0000000    12.4901200
     0.0000000    -0.0010000     0.0000000    15.3738900
     0.0000000     0.0000000     0.0010000     1.6015000
        -16.00        -16.00       -301.50
         16.00         16.00        301.50
    16.0000000   603.0000000
PRIM
     1     1
     2
     0.0000000    -0.0010000     0.0000000    12.4901200
     0.0010000     0.0000000     0.0000000    15.3738900
     0.0000000     0.0000000     0.0010000     1.5110500
        -99.06        -99.06        -48.00
         99.06         99.06         48.00
   198.1199921   198.1199921    96.0000000
PRIM
     1     1
     2
     0.0000000    -0.0010000     0.0000000    12.4901200
     0.0010000     0.0000000     0.0000000    15.3738900
     0.0000000     0.0000000     0.0010000     1.6618000
        -38.10        -76.20       -150.75
         38.10         76.20        150.75
    76.1999969   152.3999939   301.5000000
PRIM
     1     1
     5
     0.0010000     0.0000000     0.0000000    12.4901200
     0.0000000    -0.0010000     0.0000000    15.3738900
     0.0000000     0.0000000    -0.0010000     1.3000000
        -99.06        -99.06          0.00
         99.06         99.06        127.00
    99.0599960   127.0000000
PRIM
     1     1
     4
     0.0000000     0.0010000     0.0000000    12.4901200
    -0.0010000     0.0000000     0.0000000    15.3738900
     0.0000000     0.0000000     0.0010000     1.9030000
       -135.00          0.00         -8.00
        135.00        135.00          8.00
   127.0000000     8.0000000     3.1415927
PRIM
     1     1
     4
     0.0000000    -0.0010000     0.0000000    12.4901200
    -0.0010000     0.0000000     0.0000000    15.3738900
     0.0000000     0.0000000    -0.0010000     1.9030000
       -135.00          0.00         -8.00
        135.00        135.00          8.00
   127.0000000     8.0000000     3.1415927
PRIM
     1     1
     8
     0.0000000     0.0010000     0.0000000    12.4901200
     0.0000000     0.0000000    -0.0010000    15.3738900
    -0.0010000     0.0000000     0.0000000     1.9030000
         -4.80         -4.80       -127.00
          4.80          4.80        127.00
     4.8000000   254.0000000
PRIM
     1     1
     8
     0.0000000     0.0000000    -0.0010000    12.4901200
     0.0000000    -0.0010000     0.0000000    15.3738900
    -0.0010000     0.0000000     0.0000000     1.9030000
         -4.80         -4.80       -127.00
          4.80          4.80        127.00
     4.8000000   254.0000000
CNTE
     1     2
CNTB
     1     2
GASKET 12 of BRANCH /100-B-1-B1
      12490.12      15526.29       1300.00
     1
CNTE
     1     2
CNTB
     1     2
FLANGE 11 of BRANCH /100-B-1-B1
      12490.12      15527.79       1300.00
     1
PRIM
     1     1
     8
     0.0000000     0.0010000     0.0000000    12.4901200
     0.0000000     0.0000000     0.0010000    15.5437900
     0.0010000     0.0000000     0.0000000     1.3000000
       -127.00       -127.00        -16.00
        127.00        127.00         16.00
   127.0000000    32.0000000
PRIM
     1     1
     7
     0.0000000     0.0010000     0.0000000    12.4901200
     0.0000000     0.0000000     0.0010000    15.5866500
     0.0010000     0.0000000     0.0000000     1.3000000
        -73.00        -73.00        -26.86
         73.00         73.00         26.86
    73.0000000    57.0000000    53.7200000     0.0000000     0.0000000
     0.0000000     0.0000000     0.0000000     0.0000000
CNTE
     1     2
PRIM
     1     1
     8
     0.0000000     0.0010000     0.0000000    12.4901200
     0.0000000     0.0000000    -0.0010000    15.7543700
    -0.0010000     0.0000000     0.0000000     1.3000000
        -57.15        -57.15       -140.86
         57.15         57.15        140.86
    57.1500000   281.7200034
CNTB
     1     2
/100-B-1-B1-TEE3
      12490.12      16000.00       1300.00
     1
PRIM
     1     1
     8
    -0.0010000     0.0000000     0.0000000    12.4901200
     0.0000000    -0.0010000     0.0000000    16.0000000
     0.0000000     0.0000000     0.0010000     1.3492100
        -44.50        -44.50        -49.21
         44.50         44.50         49.21
    44.5000000    98.4199982
PRIM
     1     1
     8
     0.0000000     0.0010000     0.0000000    12.4901200
     0.0000000     0.0000000     0.0010000    16.0000000
     0.0010000     0.0000000     0.0000000     1.3000000
        -57.00        -57.00       -104.77
         57.00         57.00        104.77
    57.0000000   209.5399933
CNTE
     1     2
PRIM
     1     1
     8
     0.0000000     0.0010000     0.0000000    12.4901200
     0.0000000     0.0000000    -0.0010000    16.2271850
    -0.0010000     0.0000000     0.0000000     1.3000000
        -57.15        -57.15       -122.42
         57.15         57.15        122.42
    57.1500000   244.8300095
CNTB
     1     2
/XXXX=206/308
      12490.12      16105.00       1300.00
     1
CNTE
     1     2
CNTB
     1     2
ELBOW 5 of BRANCH /100-B-1-B1
      12490.12      16502.00       1300.00
     1
PRIM
     1     1
     4
     0.0000000     0.0000000    -0.0010000    12.4901200
     0.0010000     0.0000000     0.0000000    16.3496000
     0.0000000    -0.0010000     0.0000000     1.4524000
          0.00          0.00        -57.00
        209.40        209.40         57.00
   152.3999939    57.0000000     1.5707963
CNTE
     1     2
PRIM
     1     1
     8
     0.0010000     0.0000000     0.0000000    12.4901200
     0.0000000    -0.0010000     0.0000000    16.5020000
     0.0000000     0.0000000    -0.0010000     3.6189850
        -57.15        -57.15      -2166.59
         57.15         57.15       2166.59
    57.1500000  4333.1700122
CNTB
     1     2
ELBOW 6 of BRANCH /100-B-1-B1
      12490.12      16502.00       5937.97
     1
PRIM
     1     1
     4
     0.0000000     0.0010000     0.0000000    12.3377200
     0.0000000     0.0000000     0.0010000    16.5020000
     0.0010000     0.0000000     0.0000000     5.7855700
          0.00          0.00        -57.00
        209.40        209.40         57.00
   152.3999939    57.0000000     1.5707963
CNTE
     1     2
PRIM
     1     1
     8
     0.0000000     0.0000000     0.0010000     8.7345600
    -0.0010000     0.0000000     0.0000000    16.5020000
     0.0000000    -0.0010000     0.0000000     5.9379700
        -57.15        -57.15      -3603.16
         57.15         57.15       3603.16
    57.1500000  7206.3200122
CNTB
     1     2
ELBOW 7 of BRANCH /100-B-1-B1
       4979.00      16502.00       5937.97
     1
PRIM
     1     1
     4
    -0.0010000     0.0000000     0.0000000     5.1314000
     0.0000000     0.0000000    -0.0010000    16.5020000
     0.0000000    -0.0010000     0.0000000     6.0903700
          0.00          0.00        -57.00
        209.40        209.40         57.00
   152.3999939    57.0000000     1.5707963
CNTE
     1     2
PRIM
     1     1
     8
     0.0000000     0.0010000     0.0000000     4.9790000
     0.0010000     0.0000000     0.0000000    16.5020000
     0.0000000     0.0000000    -0.0010000     6.2974250
        -57.15        -57.15       -207.06
         57.15         57.15        207.06
    57.1500000   414.1100122
CNTB
     1     2
/XXXX=206/312
       4979.00      16502.00       6308.88
     1
CNTE
     1     2
CNTB
     1     2
ELBOW 8 of BRANCH /100-B-1-B1
       4979.00      16502.00       6656.88
     1
PRIM
     1     1
     4
     0.0000000     0.0000000    -0.0010000     4.9790000
     0.0000000     0.0010000     0.0000000    16.3496000
     0.0010000     0.0000000     0.0000000     6.5044800
          0.00          0.00        -57.00
        209.40        209.40         57.00
   152.3999939    57.0000000     1.5707963
CNTE
     1     2
PRIM
     1     1
     8
     0.0010000     0.0000000     0.0000000     4.9790000
     0.0000000     0.0000000     0.0010000    13.3142500
     0.0000000    -0.0010000     0.0000000     6.6568850
        -57.15        -57.15      -3035.35
         57.15         57.15       3035.35
    57.1500000  6070.7000122
CNTB
     1     2
ELBOW 9 of BRANCH /100-B-1-B1
       4979.00      10126.50       6656.89
     1
PRIM
     1     1
     4
     0.0000000     0.0000000     0.0010000     4.9790000
    -0.0010000     0.0000000     0.0000000    10.2789000
     0.0000000    -0.0010000     0.0000000     6.8092900
          0.00          0.00        -57.00
        209.40        209.40         57.00
   152.3999939    57.0000000     1.5707963
CNTE
     1     2
PRIM
     1     1
     8
    -0.0010000     0.0000000     0.0000000     4.9790000
     0.0000000     0.0010000     0.0000000    10.1265000
     0.0000000     0.0000000    -0.0010000    10.6559450
        -57.15        -57.15      -3846.66
         57.15         57.15       3846.66
    57.1500000  7693.3100122
CNTB
     1     2
ELBOW 10 of BRANCH /100-B-1-B1
       4979.00      10126.50      14655.00
     1
PRIM
     1     1
     4
     0.0000000     0.0000000    -0.0010000     4.9790000
     0.0000000     0.0010000     0.0000000     9.9741000
     0.0010000     0.0000000     0.0000000    14.5026000
          0.00          0.00        -57.00
        209.40        209.40         57.00
   152.3999939    57.0000000     1.5707963
CNTE
     1     2
CNTB
     1     2
FLANGE 12 of BRANCH /100-B-1-B1
       4979.00       9888.50      14655.00
     1
PRIM
     1     1
     8
     0.0000000     0.0010000     0.0000000     4.9790000
     0.0000000     0.0000000     0.0010000     9.9045000
     0.0010000     0.0000000     0.0000000    14.6550000
       -127.00       -127.00        -16.00
        127.00        127.00         16.00
   127.0000000    32.0000000
PRIM
     1     1
     7
     0.0000000     0.0010000     0.0000000     4.9790000
     0.0000000     0.0000000     0.0010000     9.9473600
     0.0010000     0.0000000     0.0000000    14.6550000
        -73.00        -73.00        -26.86
         73.00         73.00         26.86
    73.0000000    57.0000000    53.7200000     0.0000000     0.0000000
     0.0000000     0.0000000     0.0000000     0.0000000
CNTE
     1     2
CNTB
     1     2
GASKET 13 of BRANCH /100-B-1-B1
       4979.00       9888.50      14655.00
     1
CNTE
     1     2
CNTE
     1     2
CNTB
     1     2
/100-B-1-B2
          0.00          0.00       1000.00
     1
PRIM
     1     1
     8
     0.0000000    -0.0010000     0.0000000    12.4901200
     0.0000000     0.0000000    -0.0010000    15.1418500
     0.0010000     0.0000000     0.0000000     2.3001200
        -44.45        -44.45       -743.85
         44.45         44.45        743.85
    44.4500000  1487.6999969
CNTB
     1     2
ELBOW 1 of BRANCH /100-B-1-B2
      12490.12      16000.00       2300.12
     1
PRIM
     1     1
     4
     0.0000000     0.0000000     0.0010000    12.4901200
     0.0010000     0.0000000     0.0000000    15.8857000
     0.0000000     0.0010000     0.0000000     2.1858200
          0.00          0.00        -44.50
        158.80        158.80         44.50
   114.3000031    44.5000000     1.5707963
CNTE
     1     2
CNTB
     1     2
FLANGE 1 of BRANCH /100-B-1-B2
      12490.12      16000.00       2107.12
     1
PRIM
     1     1
     8
    -0.0010000     0.0000000     0.0000000    12.4901200
     0.0000000    -0.0010000     0.0000000    16.0000000
     0.0000000     0.0000000     0.0010000     2.1216200
       -105.00       -105.00        -14.50
        105.00        105.00         14.50
   105.0000000    29.0000000
PRIM
     1     1
     7
    -0.0010000     0.0000000     0.0000000    12.4901200
     0.0000000    -0.0010000     0.0000000    16.0000000
     0.0000000     0.0000000     0.0010000     2.1613050
        -58.50        -58.50        -25.19
         58.50         58.50         25.19
    58.5000000    44.5000000    50.3700000     0.0000000     0.0000000
     0.0000000     0.0000000     0.0000000     0.0000000
CNTE
     1     2
CNTB
     1     2
GASKET 1 of BRANCH /100-B-1-B2
      12490.12      16000.00       2107.12
     1
CNTE
     1     2
CNTB
     1     2
/V105
      12490.12      16000.00       1946.87
     1
PRIM
     1     1
     8
     0.0010000     0.0000000     0.0000000    12.4901200
     0.0000000    -0.0010000     0.0000000    16.0000000
     0.0000000     0.0000000    -0.0010000     2.0911200
       -105.00       -105.00        -14.50
        105.00        105.00         14.50
   105.0000000    29.0000000
PRIM
     1     1
     8
    -0.0010000     0.0000000     0.0000000    12.4901200
     0.0000000    -0.0010000     0.0000000    16.0000000
     0.0000000     0.0000000     0.0010000     1.8026200
       -105.00       -105.00        -14.50
        105.00        105.00         14.50
   105.0000000    29.0000000
PRIM
     1     1
     8
     0.0010000     0.0000000     0.0000000    12.4901200
     0.0000000    -0.0010000     0.0000000    16.0000000
     0.0000000     0.0000000    -0.0010000     1.9468700
        -73.50        -73.50       -158.75
         73.50         73.50        158.75
    73.5000000   317.5000000
PRIM
     1     1
     5
     0.0000000     0.0000000    -0.0010000    12.4901200
    -0.0010000     0.0000000     0.0000000    16.0000000
     0.0000000     0.0010000     0.0000000     1.9468700
        -99.22        -99.22          0.00
         99.22         99.22        105.00
    99.2187500   105.0000000
PRIM
     1     1
     7
     0.0000000     0.0000000     0.0010000    12.6985200
     0.0010000     0.0000000     0.0000000    16.0000000
     0.0000000     0.0010000     0.0000000     1.9468700
        -99.22        -99.22       -208.40
         99.22         99.22        208.40
    99.2187500    19.0500000   416.8000000     0.0000000     0.0000000
     0.0000000     0.0000000     0.0000000     0.0000000
PRIM
     1     1
     8
     0.0000000     0.0000000     0.0010000    12.6139700
     0.0010000     0.0000000     0.0000000    16.0000000
     0.0000000     0.0010000     0.0000000     1.9468700
       -111.13       -111.13        -18.85
        111.13        111.13         18.85
   111.1250000    37.7000000
PRIM
     1     1
     8
     0.0000000     0.0000000    -0.0010000    12.9590200
    -0.0010000     0.0000000     0.0000000    16.0000000
     0.0000000     0.0010000     0.0000000     1.9468700
        -12.70        -12.70        -52.10
         12.70         12.70         52.10
    12.7000000   104.2000000
PRIM
     1     1
     4
     0.0000000     0.0000000     0.0010000    13.0111200
     0.0000000    -0.0010000     0.0000000    16.0000000
     0.0010000     0.0000000     0.0000000     1.9468700
       -136.53          0.00         -9.53
        136.53        136.53          9.53
   127.0000000     9.5250000     3.1415927
PRIM
     1     1
     4
     0.0000000     0.0000000    -0.0010000    13.0111200
     0.0000000     0.0010000     0.0000000    16.0000000
     0.0010000     0.0000000     0.0000000     1.9468700
       -136.53          0.00         -9.53
        136.53        136.53          9.53
   127.0000000     9.5250000     3.1415927
PRIM
     1     1
     8
    -0.0010000     0.0000000     0.0000000    13.0111200
     0.0000000    -0.0010000     0.0000000    16.0000000
     0.0000000     0.0000000     0.0010000     1.9468700
         -6.35         -6.35       -127.00
          6.35          6.35        127.00
     6.3500000   254.0000000
PRIM
     1     1
     8
    -0.0010000     0.0000000     0.0000000    13.0111200
     0.0000000     0.0000000     0.0010000    16.0000000
     0.0000000     0.0010000     0.0000000     1.9468700
         -6.35         -6.35       -127.00
          6.35          6.35        127.00
     6.3500000   254.0000000
CNTE
     1     2
CNTB
     1     2
GASKET 2 of BRANCH /100-B-1-B2
      12490.12      16000.00       1788.12
     1
CNTE
     1     2
CNTB
     1     2
FLANGE 2 of BRANCH /100-B-1-B2
      12490.12      16000.00       1786.62
     1
PRIM
     1     1
     8
     0.0010000     0.0000000     0.0000000    12.4901200
     0.0000000    -0.0010000     0.0000000    16.0000000
     0.0000000     0.0000000    -0.0010000     1.7721200
       -105.00       -105.00        -14.50
        105.00        105.00         14.50
   105.0000000    29.0000000
PRIM
     1     1
     7
     0.0010000     0.0000000     0.0000000    12.4901200
     0.0000000    -0.0010000     0.0000000    16.0000000
     0.0000000     0.0000000    -0.0010000     1.7324350
        -58.50        -58.50        -25.19
         58.50         58.50         25.19
    58.5000000    44.5000000    50.3700000     0.0000000     0.0000000
     0.0000000     0.0000000     0.0000000     0.0000000
CNTE
     1     2
PRIM
     1     1
     8
    -0.0010000     0.0000000     0.0000000    12.4901200
     0.0000000    -0.0010000     0.0000000    16.0000000
     0.0000000     0.0000000     0.0010000     1.5526250
        -44.45        -44.45       -154.63
         44.45         44.45        154.63
    44.4500000   309.2500000
CNTE
     1     2
CNTB
     1     2
/100-B-1-B3
          0.00          0.00       1000.00
     1
CNTB
     1     2
GASKET 1 of BRANCH /100-B-1-B3
      14880.00      12280.00       2150.00
     1
CNTE
     1     2
CNTB
     1     2
FLANGE 1 of BRANCH /100-B-1-B3
      14880.00      12280.00       2151.50
     1
PRIM
     1     1
     8
    -0.0010000     0.0000000     0.0000000    14.8800000
     0.0000000    -0.0010000     0.0000000    12.2800000
     0.0000000     0.0000000     0.0010000     2.1625000
        -82.50        -82.50        -11.00
         82.50         82.50         11.00
    82.5000000    22.0000000
PRIM
     1     1
     7
    -0.0010000     0.0000000     0.0000000    14.8800000
     0.0000000    -0.0010000     0.0000000    12.2800000
     0.0000000     0.0000000     0.0010000     2.1974250
        -42.00        -42.00        -23.93
         42.00         42.00         23.93
    42.0000000    30.0000000    47.8500000     0.0000000     0.0000000
     0.0000000     0.0000000     0.0000000     0.0000000
CNTE
     1     2
CNTB
     1     2
REDUCER 1 of BRANCH /100-B-1-B3
      14880.00      12280.00       2450.50
     1
PRIM
     1     1
     7
     0.0010000     0.0000000     0.0000000    14.8800000
     0.0000000    -0.0010000     0.0000000    12.2800000
     0.0000000     0.0000000    -0.0010000     2.3819200
        -57.00        -57.00        -68.58
         57.00         57.00         68.58
    57.0000000    30.0000000   137.1600037     0.0000000     0.0000000
     0.0000000     0.0000000     0.0000000     0.0000000
PRIM
     1     1
     8
     0.0010000     0.0000000     0.0000000    14.8800000
     0.0000000    -0.0010000     0.0000000    12.2800000
     0.0000000     0.0000000    -0.0010000     2.2676200
        -30.00        -30.00        -45.72
         30.00         30.00         45.72
    30.0000000    91.4400024
CNTE
     1     2
PRIM
     1     1
     8
     0.0010000     0.0000000     0.0000000    14.8800000
     0.0000000    -0.0010000     0.0000000    12.2800000
     0.0000000     0.0000000    -0.0010000     2.5998900
        -57.15        -57.15       -149.39
         57.15         57.15        149.39
    57.1500000   298.7800000
CNTB
     1     2
FLANGE 2 of BRANCH /100-B-1-B3
      14880.00      12280.00       2835.00
     1
PRIM
     1     1
     8
     0.0010000     0.0000000     0.0000000    14.8800000
     0.0000000    -0.0010000     0.0000000    12.2800000
     0.0000000     0.0000000    -0.0010000     2.8190000
       -127.00       -127.00        -16.00
        127.00        127.00         16.00
   127.0000000    32.0000000
PRIM
     1     1
     7
     0.0010000     0.0000000     0.0000000    14.8800000
     0.0000000    -0.0010000     0.0000000    12.2800000
     0.0000000     0.0000000    -0.0010000     2.7761400
        -73.00        -73.00        -26.86
         73.00         73.00         26.86
    73.0000000    57.0000000    53.7200000     0.0000000     0.0000000
     0.0000000     0.0000000     0.0000000     0.0000000
CNTE
     1     2
CNTB
     1     2
GASKET 2 of BRANCH /100-B-1-B3
      14880.00      12280.00       2835.00
     1
CNTE
     1     2
CNTB
     1     2
/V100
      14880.00      12280.00       2836.50
     1
PRIM
     1     1
     8
    -0.0010000     0.0000000     0.0000000    14.8800000
     0.0000000    -0.0010000     0.0000000    12.2800000
     0.0000000     0.0000000     0.0010000     2.8438020
        -90.50        -90.50         -7.30
         90.50         90.50          7.30
    90.5000000    14.6039993
PRIM
     1     1
     8
     0.0010000     0.0000000     0.0000000    14.8800000
     0.0000000    -0.0010000     0.0000000    12.2800000
     0.0000000     0.0000000    -0.0010000     2.9022180
        -90.50        -90.50         -7.30
         90.50         90.50          7.30
    90.5000000    14.6039993
PRIM
     1     1
     8
    -0.0010000     0.0000000     0.0000000    14.8800000
     0.0000000    -0.0010000     0.0000000    12.2800000
     0.0000000     0.0000000     0.0010000     2.8730100
        -72.40        -72.40        -21.91
         72.40         72.40         21.91
    72.4000000    43.8119980
CNTE
     1     2
CNTB
     1     2
GASKET 3 of BRANCH /100-B-1-B3
      14880.00      12280.00       2909.50
     1
CNTE
     1     2
CNTB
     1     2
/V101
      14880.00      12280.00       3063.40
     1
PRIM
     1     1
     8
    -0.0010000     0.0000000     0.0000000    14.8800000
     0.0000000    -0.0010000     0.0000000    12.2800000
     0.0000000     0.0000000     0.0010000     2.9270000
       -127.00       -127.00        -16.00
        127.00        127.00         16.00
   127.0000000    32.0000000
PRIM
     1     1
     8
     0.0010000     0.0000000     0.0000000    14.8800000
     0.0000000    -0.0010000     0.0000000    12.2800000
     0.0000000     0.0000000    -0.0010000     3.1998000
       -127.00       -127.00        -16.00
        127.00        127.00         16.00
   127.0000000    32.0000000
PRIM
     1     1
     8
     0.0000000     0.0000000    -0.0010000    14.7895500
     0.0010000     0.0000000     0.0000000    12.2800000
     0.0000000    -0.0010000     0.0000000     3.0634000
        -76.20        -76.20        -90.45
         76.20         76.20         90.45
    76.1999969   180.9000000
PRIM
     1     1
     8
    -0.0010000     0.0000000     0.0000000    14.8800000
     0.0000000    -0.0010000     0.0000000    12.2800000
     0.0000000     0.0000000     0.0010000     3.0634000
        -76.20        -76.20       -120.40
         76.20         76.20        120.40
    76.2000000   240.7999878
PRIM
     1     1
     8
     0.0000000     0.0000000    -0.0010000    14.5785000
     0.0010000     0.0000000     0.0000000    12.2800000
     0.0000000    -0.0010000     0.0000000     3.0634000
        -16.00        -16.00       -301.50
         16.00         16.00        301.50
    16.0000000   603.0000000
PRIM
     1     1
     2
     0.0000000     0.0000000    -0.0010000    14.6689500
     0.0000000     0.0010000     0.0000000    12.2800000
     0.0010000     0.0000000     0.0000000     3.0634000
        -99.06        -99.06        -48.00
         99.06         99.06         48.00
   198.1199921   198.1199921    96.0000000
PRIM
     1     1
     2
     0.0000000     0.0000000    -0.0010000    14.5182000
     0.0000000     0.0010000     0.0000000    12.2800000
     0.0010000     0.0000000     0.0000000     3.0634000
        -38.10        -76.20       -150.75
         38.10         76.20        150.75
    76.1999969   152.3999939   301.5000000
PRIM
     1     1
     5
     0.0000000     0.0000000     0.0010000    14.8800000
    -0.0010000     0.0000000     0.0000000    12.2800000
     0.0000000    -0.0010000     0.0000000     3.0634000
        -99.06        -99.06          0.00
         99.06         99.06        127.00
    99.0599960   127.0000000
PRIM
     1     1
     4
     0.0000000     0.0000000    -0.0010000    14.2770000
     0.0000000    -0.0010000     0.0000000    12.2800000
    -0.0010000     0.0000000     0.0000000     3.0634000
       -135.00          0.00         -8.00
        135.00        135.00          8.00
   127.0000000     8.0000000     3.1415927
PRIM
     1     1
     4
     0.0000000     0.0000000     0.0010000    14.2770000
     0.0000000     0.0010000     0.0000000    12.2800000
    -0.0010000     0.0000000     0.0000000     3.0634000
       -135.00          0.00         -8.00
        135.00        135.00          8.00
   127.0000000     8.0000000     3.1415927
PRIM
     1     1
     8
     0.0010000     0.0000000     0.0000000    14.2770000
     0.0000000    -0.0010000     0.0000000    12.2800000
     0.0000000     0.0000000    -0.0010000     3.0634000
         -4.80         -4.80       -127.00
          4.80          4.80        127.00
     4.8000000   254.0000000
PRIM
     1     1
     8
     0.0010000     0.0000000     0.0000000    14.2770000
     0.0000000     0.0000000     0.0010000    12.2800000
     0.0000000    -0.0010000     0.0000000     3.0634000
         -4.80         -4.80       -127.00
          4.80          4.80        127.00
     4.8000000   254.0000000
CNTE
     1     2
CNTB
     1     2
GASKET 4 of BRANCH /100-B-1-B3
      14880.00      12280.00       3215.80
     1
CNTE
     1     2
CNTB
     1     2
FLANGE 3 of BRANCH /100-B-1-B3
      14880.00      12280.00       3217.30
     1
PRIM
     1     1
     8
    -0.0010000     0.0000000     0.0000000    14.8800000
     0.0000000    -0.0010000     0.0000000    12.2800000
     0.0000000     0.0000000     0.0010000     3.2333000
       -127.00       -127.00        -16.00
        127.00        127.00         16.00
   127.0000000    32.0000000
PRIM
     1     1
     7
    -0.0010000     0.0000000     0.0000000    14.8800000
     0.0000000    -0.0010000     0.0000000    12.2800000
     0.0000000     0.0000000     0.0010000     3.2761600
        -73.00        -73.00        -26.86
         73.00         73.00         26.86
    73.0000000    57.0000000    53.7200000     0.0000000     0.0000000
     0.0000000     0.0000000     0.0000000     0.0000000
CNTE
     1     2
PRIM
     1     1
     8
     0.0010000     0.0000000     0.0000000    14.8800000
     0.0000000    -0.0010000     0.0000000    12.2800000
     0.0000000     0.0000000    -0.0010000     3.8253100
        -57.15        -57.15       -522.29
         57.15         57.15        522.29
    57.1500000  1044.5800061
CNTB
     1     2
ELBOW 1 of BRANCH /100-B-1-B3
      14880.00      12280.00       4500.00
     1
PRIM
     1     1
     4
     0.0000000     0.0010000     0.0000000    14.7276000
     0.0000000     0.0000000     0.0010000    12.2800000
     0.0010000     0.0000000     0.0000000     4.3476000
          0.00          0.00        -57.00
        209.40        209.40         57.00
   152.3999939    57.0000000     1.5707963
CNTE
     1     2
PRIM
     1     1
     8
     0.0000000     0.0000000     0.0010000    14.3862800
    -0.0010000     0.0000000     0.0000000    12.2800000
     0.0000000    -0.0010000     0.0000000     4.5000000
        -57.15        -57.15       -341.32
         57.15         57.15        341.32
    57.1500000   682.6400061
CNTE
     1     2
CNTE
     1     2
CNTE
     1     2
CNTE
     1     2
END:
     1     1
