HEAD
     1     2
AVEVA PDMS Design Mk12.1.SP4.0[4074]  (WINDOWS-NT 6.1)  (25 Jun 2013 : 20:47)

Wed Jul  7 15:28:28 2021
adminstami@DESKTOP-GCGGCPV
Unicode UTF-8
MODL
     1     1
SAM
/SAMPLE
CNTB
     1     2
/STABILIZER
          0.00          0.00       1000.00
     1
CNTB
     1     2
/ELECT
          0.00          0.00       1000.00
     1
CNTB
     1     2
/CONT-PAN1
       8275.00      13400.00       2150.00
     1
CNTB
     1     2
BOX 1 of EQUIPMENT /CONT-PAN1
       8425.00      13400.00       1700.00
     1
PRIM
     1     1
     2
     0.0010000     0.0000000     0.0000000     8.4250000
     0.0000000     0.0010000     0.0000000    13.4000000
     0.0000000     0.0000000     0.0010000     1.7000000
       -225.00       -125.00       -400.00
        225.00        125.00        400.00
   450.0000000   250.0000000   800.0000000
CNTE
     1     2
CNTB
     1     2
/CONT-PAN1-N1
       8275.00      13400.00       2150.00
     1
CNTE
     1     2
CNTE
     1     2
CNTB
     1     2
/CONT-PAN2
      13550.00      13500.00       1950.00
     1
CNTB
     1     2
BOX 1 of EQUIPMENT /CONT-PAN2
      13550.00      13600.00       1600.00
     1
PRIM
     1     1
     2
     0.0010000     0.0000000     0.0000000    13.5500000
     0.0000000     0.0010000     0.0000000    13.6000000
     0.0000000     0.0000000     0.0010000     1.6000000
       -150.00       -225.00       -300.00
        150.00        225.00        300.00
   300.0000000   450.0000000   600.0000000
CNTE
     1     2
CNTB
     1     2
/CONT-PAN2-N1
      13550.00      13500.00       1950.00
     1
CNTE
     1     2
CNTE
     1     2
CNTB
     1     2
/ELEC01
          0.00      13575.00       5625.00
     1
CNTB
     1     2
/ELEC01-01T
          0.00      13575.00       5625.00
     1
CNTB
     1     2
BOX 1 of SUBSTRUCTURE /ELEC01-01T
       8837.50      13575.00       5625.00
     1
PRIM
     1     1
     2
     0.0000000     0.0010000     0.0000000     8.8375000
     0.0000000     0.0000000    -0.0010000    13.5750000
    -0.0010000     0.0000000     0.0000000     5.6250000
       -125.00      -8837.50        -25.00
        125.00       8837.50         25.00
   250.0000000 17675.0000000    50.0000000
CNTE
     1     2
CNTE
     1     2
CNTB
     1     2
/ELEC01-02T
      17675.00      13575.00       5625.00
     1
CNTB
     1     2
BOX 1 of SUBSTRUCTURE /ELEC01-02T
      17925.00      13575.00       5625.00
     1
PRIM
     1     1
     2
     0.0000000     0.0010000     0.0000000    17.9250000
     0.0000000     0.0000000    -0.0010000    13.5750000
    -0.0010000     0.0000000     0.0000000     5.6250000
       -125.00       -250.00        -25.00
        125.00        250.00         25.00
   250.0000000   500.0000000    50.0000000
CNTE
     1     2
CNTB
     1     2
PYRAMID 1 of SUBSTRUCTURE /ELEC01-02T
      17925.00      13575.00       5356.00
     1
PRIM
     1     1
     1
     0.0000000     0.0010000     0.0000000    17.9250000
     0.0010000     0.0000000     0.0000000    13.5750000
     0.0000000     0.0000000    -0.0010000     5.3560000
        -25.00       -125.00       -145.00
         25.00        125.00        145.00
    50.0000000   220.0000000    50.0000000   250.0000000
     0.0000000     0.0000000   290.0000000
CNTE
     1     2
CNTB
     1     2
BOX 2 of SUBSTRUCTURE /ELEC01-02T
      17925.00      13575.00       5140.00
     1
PRIM
     1     1
     2
     0.0000000     0.0010000     0.0000000    17.9250000
     0.0000000     0.0000000    -0.0010000    13.5750000
    -0.0010000     0.0000000     0.0000000     5.1400000
        -72.00       -125.00        -25.00
         72.00        125.00         25.00
   144.0000000   250.0000000    50.0000000
CNTE
     1     2
CNTE
     1     2
CNTB
     1     2
/ELEC01-03T
      18175.00      13575.00       5625.00
     1
CNTB
     1     2
BOX 1 of SUBSTRUCTURE /ELEC01-03T
      18587.50      13575.00       5625.00
     1
PRIM
     1     1
     2
     0.0000000     0.0010000     0.0000000    18.5875000
     0.0000000     0.0000000    -0.0010000    13.5750000
    -0.0010000     0.0000000     0.0000000     5.6250000
       -125.00       -412.50        -25.00
        125.00        412.50         25.00
   250.0000000   825.0000000    50.0000000
CNTE
     1     2
CNTE
     1     2
CNTE
     1     2
CNTB
     1     2
/ELEC01-NOZZLES
       8275.00      13575.00       5450.00
     1
CNTB
     1     2
/ELEC01-N1
       8275.00      13575.00       5450.00
     1
PRIM
     1     1
    11
     0.0010000     0.0000000     0.0000000     0.0000000
     0.0000000     0.0010000     0.0000000     0.0000000
     0.0000000     0.0000000     0.0010000     0.0000000
       8258.00      13558.00       5450.00
       8292.00      13592.00       5550.00
    18
     2
     8
       8262.98      13562.98       5450.00
     0.0000000     0.0000000    -1.0000000
       8258.00      13575.00       5450.00
     0.0000000     0.0000000    -1.0000000
       8262.98      13587.02       5450.00
     0.0000000     0.0000000    -1.0000000
       8275.00      13592.00       5450.00
     0.0000000     0.0000000    -1.0000000
       8287.02      13587.02       5450.00
     0.0000000     0.0000000    -1.0000000
       8292.00      13575.00       5450.00
     0.0000000     0.0000000    -1.0000000
       8287.02      13562.98       5450.00
     0.0000000     0.0000000    -1.0000000
       8275.00      13558.00       5450.00
     0.0000000     0.0000000    -1.0000000
     8
       8266.16      13566.16       5450.00
     0.0000000     0.0000000    -1.0000000
       8275.00      13562.50       5450.00
     0.0000000     0.0000000    -1.0000000
       8283.84      13566.16       5450.00
     0.0000000     0.0000000    -1.0000000
       8287.50      13575.00       5450.00
     0.0000000     0.0000000    -1.0000000
       8283.84      13583.84       5450.00
     0.0000000     0.0000000    -1.0000000
       8275.00      13587.50       5450.00
     0.0000000     0.0000000    -1.0000000
       8266.16      13583.84       5450.00
     0.0000000     0.0000000    -1.0000000
       8262.50      13575.00       5450.00
     0.0000000     0.0000000    -1.0000000
     2
     8
       8258.00      13575.00       5550.00
     0.0000000     0.0000000     1.0000000
       8262.98      13562.98       5550.00
     0.0000000     0.0000000     1.0000000
       8275.00      13558.00       5550.00
     0.0000000     0.0000000     1.0000000
       8287.02      13562.98       5550.00
     0.0000000     0.0000000     1.0000000
       8292.00      13575.00       5550.00
     0.0000000     0.0000000     1.0000000
       8287.02      13587.02       5550.00
     0.0000000     0.0000000     1.0000000
       8275.00      13592.00       5550.00
     0.0000000     0.0000000     1.0000000
       8262.98      13587.02       5550.00
     0.0000000     0.0000000     1.0000000
     8
       8266.16      13566.16       5550.00
     0.0000000     0.0000000     1.0000000
       8262.50      13575.00       5550.00
     0.0000000     0.0000000     1.0000000
       8266.16      13583.84       5550.00
     0.0000000     0.0000000     1.0000000
       8275.00      13587.50       5550.00
     0.0000000     0.0000000     1.0000000
       8283.84      13583.84       5550.00
     0.0000000     0.0000000     1.0000000
       8287.50      13575.00       5550.00
     0.0000000     0.0000000     1.0000000
       8283.84      13566.16       5550.00
     0.0000000     0.0000000     1.0000000
       8275.00      13562.50       5550.00
     0.0000000     0.0000000     1.0000000
     1
     4
       8258.00      13575.00       5450.00
    -1.0000000     0.0000000     0.0000000
       8262.98      13562.98       5450.00
    -0.7071068    -0.7071068     0.0000000
       8262.98      13562.98       5550.00
    -0.7071068    -0.7071068     0.0000000
       8258.00      13575.00       5550.00
    -1.0000000     0.0000000     0.0000000
     1
     4
       8262.98      13562.98       5450.00
    -0.7071068    -0.7071068     0.0000000
       8275.00      13558.00       5450.00
     0.0000000    -1.0000000     0.0000000
       8275.00      13558.00       5550.00
     0.0000000    -1.0000000     0.0000000
       8262.98      13562.98       5550.00
    -0.7071068    -0.7071068     0.0000000
     1
     4
       8275.00      13558.00       5450.00
     0.0000000    -1.0000000     0.0000000
       8287.02      13562.98       5450.00
     0.7071068    -0.7071068     0.0000000
       8287.02      13562.98       5550.00
     0.7071068    -0.7071068     0.0000000
       8275.00      13558.00       5550.00
     0.0000000    -1.0000000     0.0000000
     1
     4
       8287.02      13562.98       5450.00
     0.7071068    -0.7071068     0.0000000
       8292.00      13575.00       5450.00
     1.0000000     0.0000000     0.0000000
       8292.00      13575.00       5550.00
     1.0000000     0.0000000     0.0000000
       8287.02      13562.98       5550.00
     0.7071068    -0.7071068     0.0000000
     1
     4
       8292.00      13575.00       5450.00
     1.0000000     0.0000000     0.0000000
       8287.02      13587.02       5450.00
     0.7071068     0.7071068     0.0000000
       8287.02      13587.02       5550.00
     0.7071068     0.7071068     0.0000000
       8292.00      13575.00       5550.00
     1.0000000     0.0000000     0.0000000
     1
     4
       8287.02      13587.02       5450.00
     0.7071068     0.7071068     0.0000000
       8275.00      13592.00       5450.00
     0.0000000     1.0000000     0.0000000
       8275.00      13592.00       5550.00
     0.0000000     1.0000000     0.0000000
       8287.02      13587.02       5550.00
     0.7071068     0.7071068     0.0000000
     1
     4
       8275.00      13592.00       5450.00
     0.0000000     1.0000000     0.0000000
       8262.98      13587.02       5450.00
    -0.7071068     0.7071068     0.0000000
       8262.98      13587.02       5550.00
    -0.7071068     0.7071068     0.0000000
       8275.00      13592.00       5550.00
     0.0000000     1.0000000     0.0000000
     1
     4
       8262.98      13587.02       5450.00
    -0.7071068     0.7071068     0.0000000
       8258.00      13575.00       5450.00
    -1.0000000     0.0000000     0.0000000
       8258.00      13575.00       5550.00
    -1.0000000     0.0000000     0.0000000
       8262.98      13587.02       5550.00
    -0.7071068     0.7071068     0.0000000
     1
     4
       8262.50      13575.00       5450.00
     1.0000000     0.0000000     0.0000000
       8262.50      13575.00       5550.00
     1.0000000     0.0000000     0.0000000
       8266.16      13566.16       5550.00
     0.7071068     0.7071068     0.0000000
       8266.16      13566.16       5450.00
     0.7071068     0.7071068     0.0000000
     1
     4
       8266.16      13566.16       5450.00
     0.7071068     0.7071068     0.0000000
       8266.16      13566.16       5550.00
     0.7071068     0.7071068     0.0000000
       8275.00      13562.50       5550.00
     0.0000000     1.0000000     0.0000000
       8275.00      13562.50       5450.00
     0.0000000     1.0000000     0.0000000
     1
     4
       8275.00      13562.50       5450.00
     0.0000000     1.0000000     0.0000000
       8275.00      13562.50       5550.00
     0.0000000     1.0000000     0.0000000
       8283.84      13566.16       5550.00
    -0.7071068     0.7071068     0.0000000
       8283.84      13566.16       5450.00
    -0.7071068     0.7071068     0.0000000
     1
     4
       8283.84      13566.16       5450.00
    -0.7071068     0.7071068     0.0000000
       8283.84      13566.16       5550.00
    -0.7071068     0.7071068     0.0000000
       8287.50      13575.00       5550.00
    -1.0000000     0.0000000     0.0000000
       8287.50      13575.00       5450.00
    -1.0000000     0.0000000     0.0000000
     1
     4
       8287.50      13575.00       5450.00
    -1.0000000     0.0000000     0.0000000
       8287.50      13575.00       5550.00
    -1.0000000     0.0000000     0.0000000
       8283.84      13583.84       5550.00
    -0.7071068    -0.7071068     0.0000000
       8283.84      13583.84       5450.00
    -0.7071068    -0.7071068     0.0000000
     1
     4
       8283.84      13583.84       5450.00
    -0.7071068    -0.7071068     0.0000000
       8283.84      13583.84       5550.00
    -0.7071068    -0.7071068     0.0000000
       8275.00      13587.50       5550.00
     0.0000000    -1.0000000     0.0000000
       8275.00      13587.50       5450.00
     0.0000000    -1.0000000     0.0000000
     1
     4
       8275.00      13587.50       5450.00
     0.0000000    -1.0000000     0.0000000
       8275.00      13587.50       5550.00
     0.0000000    -1.0000000     0.0000000
       8266.16      13583.84       5550.00
     0.7071068    -0.7071068     0.0000000
       8266.16      13583.84       5450.00
     0.7071068    -0.7071068     0.0000000
     1
     4
       8262.50      13575.00       5550.00
     1.0000000     0.0000000     0.0000000
       8262.50      13575.00       5450.00
     1.0000000     0.0000000     0.0000000
       8266.16      13583.84       5450.00
     0.7071068    -0.7071068     0.0000000
       8266.16      13583.84       5550.00
     0.7071068    -0.7071068     0.0000000
CNTE
     1     2
CNTB
     1     2
/ELEC01-N2
      13550.00      13575.00       5450.00
     1
PRIM
     1     1
    11
     0.0010000     0.0000000     0.0000000     0.0000000
     0.0000000     0.0010000     0.0000000     0.0000000
     0.0000000     0.0000000     0.0010000     0.0000000
      13533.00      13558.00       5450.00
      13567.00      13592.00       5550.00
    18
     2
     8
      13537.98      13562.98       5450.00
     0.0000000     0.0000000    -1.0000000
      13533.00      13575.00       5450.00
     0.0000000     0.0000000    -1.0000000
      13537.98      13587.02       5450.00
     0.0000000     0.0000000    -1.0000000
      13550.00      13592.00       5450.00
     0.0000000     0.0000000    -1.0000000
      13562.02      13587.02       5450.00
     0.0000000     0.0000000    -1.0000000
      13567.00      13575.00       5450.00
     0.0000000     0.0000000    -1.0000000
      13562.02      13562.98       5450.00
     0.0000000     0.0000000    -1.0000000
      13550.00      13558.00       5450.00
     0.0000000     0.0000000    -1.0000000
     8
      13541.16      13566.16       5450.00
     0.0000000     0.0000000    -1.0000000
      13550.00      13562.50       5450.00
     0.0000000     0.0000000    -1.0000000
      13558.84      13566.16       5450.00
     0.0000000     0.0000000    -1.0000000
      13562.50      13575.00       5450.00
     0.0000000     0.0000000    -1.0000000
      13558.84      13583.84       5450.00
     0.0000000     0.0000000    -1.0000000
      13550.00      13587.50       5450.00
     0.0000000     0.0000000    -1.0000000
      13541.16      13583.84       5450.00
     0.0000000     0.0000000    -1.0000000
      13537.50      13575.00       5450.00
     0.0000000     0.0000000    -1.0000000
     2
     8
      13533.00      13575.00       5550.00
     0.0000000     0.0000000     1.0000000
      13537.98      13562.98       5550.00
     0.0000000     0.0000000     1.0000000
      13550.00      13558.00       5550.00
     0.0000000     0.0000000     1.0000000
      13562.02      13562.98       5550.00
     0.0000000     0.0000000     1.0000000
      13567.00      13575.00       5550.00
     0.0000000     0.0000000     1.0000000
      13562.02      13587.02       5550.00
     0.0000000     0.0000000     1.0000000
      13550.00      13592.00       5550.00
     0.0000000     0.0000000     1.0000000
      13537.98      13587.02       5550.00
     0.0000000     0.0000000     1.0000000
     8
      13541.16      13566.16       5550.00
     0.0000000     0.0000000     1.0000000
      13537.50      13575.00       5550.00
     0.0000000     0.0000000     1.0000000
      13541.16      13583.84       5550.00
     0.0000000     0.0000000     1.0000000
      13550.00      13587.50       5550.00
     0.0000000     0.0000000     1.0000000
      13558.84      13583.84       5550.00
     0.0000000     0.0000000     1.0000000
      13562.50      13575.00       5550.00
     0.0000000     0.0000000     1.0000000
      13558.84      13566.16       5550.00
     0.0000000     0.0000000     1.0000000
      13550.00      13562.50       5550.00
     0.0000000     0.0000000     1.0000000
     1
     4
      13533.00      13575.00       5450.00
    -1.0000000     0.0000000     0.0000000
      13537.98      13562.98       5450.00
    -0.7071068    -0.7071068     0.0000000
      13537.98      13562.98       5550.00
    -0.7071068    -0.7071068     0.0000000
      13533.00      13575.00       5550.00
    -1.0000000     0.0000000     0.0000000
     1
     4
      13537.98      13562.98       5450.00
    -0.7071068    -0.7071068     0.0000000
      13550.00      13558.00       5450.00
     0.0000000    -1.0000000     0.0000000
      13550.00      13558.00       5550.00
     0.0000000    -1.0000000     0.0000000
      13537.98      13562.98       5550.00
    -0.7071068    -0.7071068     0.0000000
     1
     4
      13550.00      13558.00       5450.00
     0.0000000    -1.0000000     0.0000000
      13562.02      13562.98       5450.00
     0.7071068    -0.7071068     0.0000000
      13562.02      13562.98       5550.00
     0.7071068    -0.7071068     0.0000000
      13550.00      13558.00       5550.00
     0.0000000    -1.0000000     0.0000000
     1
     4
      13562.02      13562.98       5450.00
     0.7071068    -0.7071068     0.0000000
      13567.00      13575.00       5450.00
     1.0000000     0.0000000     0.0000000
      13567.00      13575.00       5550.00
     1.0000000     0.0000000     0.0000000
      13562.02      13562.98       5550.00
     0.7071068    -0.7071068     0.0000000
     1
     4
      13567.00      13575.00       5450.00
     1.0000000     0.0000000     0.0000000
      13562.02      13587.02       5450.00
     0.7071068     0.7071068     0.0000000
      13562.02      13587.02       5550.00
     0.7071068     0.7071068     0.0000000
      13567.00      13575.00       5550.00
     1.0000000     0.0000000     0.0000000
     1
     4
      13562.02      13587.02       5450.00
     0.7071068     0.7071068     0.0000000
      13550.00      13592.00       5450.00
     0.0000000     1.0000000     0.0000000
      13550.00      13592.00       5550.00
     0.0000000     1.0000000     0.0000000
      13562.02      13587.02       5550.00
     0.7071068     0.7071068     0.0000000
     1
     4
      13550.00      13592.00       5450.00
     0.0000000     1.0000000     0.0000000
      13537.98      13587.02       5450.00
    -0.7071068     0.7071068     0.0000000
      13537.98      13587.02       5550.00
    -0.7071068     0.7071068     0.0000000
      13550.00      13592.00       5550.00
     0.0000000     1.0000000     0.0000000
     1
     4
      13537.98      13587.02       5450.00
    -0.7071068     0.7071068     0.0000000
      13533.00      13575.00       5450.00
    -1.0000000     0.0000000     0.0000000
      13533.00      13575.00       5550.00
    -1.0000000     0.0000000     0.0000000
      13537.98      13587.02       5550.00
    -0.7071068     0.7071068     0.0000000
     1
     4
      13537.50      13575.00       5450.00
     1.0000000     0.0000000     0.0000000
      13537.50      13575.00       5550.00
     1.0000000     0.0000000     0.0000000
      13541.16      13566.16       5550.00
     0.7071068     0.7071068     0.0000000
      13541.16      13566.16       5450.00
     0.7071068     0.7071068     0.0000000
     1
     4
      13541.16      13566.16       5450.00
     0.7071068     0.7071068     0.0000000
      13541.16      13566.16       5550.00
     0.7071068     0.7071068     0.0000000
      13550.00      13562.50       5550.00
     0.0000000     1.0000000     0.0000000
      13550.00      13562.50       5450.00
     0.0000000     1.0000000     0.0000000
     1
     4
      13550.00      13562.50       5450.00
     0.0000000     1.0000000     0.0000000
      13550.00      13562.50       5550.00
     0.0000000     1.0000000     0.0000000
      13558.84      13566.16       5550.00
    -0.7071068     0.7071068     0.0000000
      13558.84      13566.16       5450.00
    -0.7071068     0.7071068     0.0000000
     1
     4
      13558.84      13566.16       5450.00
    -0.7071068     0.7071068     0.0000000
      13558.84      13566.16       5550.00
    -0.7071068     0.7071068     0.0000000
      13562.50      13575.00       5550.00
    -1.0000000     0.0000000     0.0000000
      13562.50      13575.00       5450.00
    -1.0000000     0.0000000     0.0000000
     1
     4
      13562.50      13575.00       5450.00
    -1.0000000     0.0000000     0.0000000
      13562.50      13575.00       5550.00
    -1.0000000     0.0000000     0.0000000
      13558.84      13583.84       5550.00
    -0.7071068    -0.7071068     0.0000000
      13558.84      13583.84       5450.00
    -0.7071068    -0.7071068     0.0000000
     1
     4
      13558.84      13583.84       5450.00
    -0.7071068    -0.7071068     0.0000000
      13558.84      13583.84       5550.00
    -0.7071068    -0.7071068     0.0000000
      13550.00      13587.50       5550.00
     0.0000000    -1.0000000     0.0000000
      13550.00      13587.50       5450.00
     0.0000000    -1.0000000     0.0000000
     1
     4
      13550.00      13587.50       5450.00
     0.0000000    -1.0000000     0.0000000
      13550.00      13587.50       5550.00
     0.0000000    -1.0000000     0.0000000
      13541.16      13583.84       5550.00
     0.7071068    -0.7071068     0.0000000
      13541.16      13583.84       5450.00
     0.7071068    -0.7071068     0.0000000
     1
     4
      13537.50      13575.00       5550.00
     1.0000000     0.0000000     0.0000000
      13537.50      13575.00       5450.00
     1.0000000     0.0000000     0.0000000
      13541.16      13583.84       5450.00
     0.7071068    -0.7071068     0.0000000
      13541.16      13583.84       5550.00
     0.7071068    -0.7071068     0.0000000
CNTE
     1     2
CNTE
     1     2
CNTB
     1     2
/ELEC02
      17925.00      13575.00       5350.00
     1
CNTB
     1     2
/ELEC02-01T
      17925.00      13575.00       5350.00
     1
CNTB
     1     2
BOX 1 of SUBSTRUCTURE /ELEC02-01T
      17925.00      13575.00       3200.00
     1
PRIM
     1     1
     2
    -0.0010000     0.0000000     0.0000000    17.9250000
     0.0000000     0.0000000    -0.0010000    13.5750000
     0.0000000    -0.0010000     0.0000000     3.2000000
       -125.00      -2150.00        -25.00
        125.00       2150.00         25.00
   250.0000000  4300.0000000    50.0000000
CNTE
     1     2
CNTE
     1     2
CNTE
     1     2
CNTB
     1     2
/COND-01
          0.00          0.00       1000.00
     1
CNTB
     1     2
/COND-01-B1
          0.00          0.00       1000.00
     1
PRIM
     1     1
     8
     0.0000000    -0.0010000     0.0000000     8.2750000
     0.0010000     0.0000000     0.0000000    13.5750000
     0.0000000     0.0000000     0.0010000     4.5703701
        -17.00        -17.00       -879.63
         17.00         17.00        879.63
    17.0000000  1759.2598846
CNTB
     1     2
ELBOW 1 of BRANCH /COND-01-B1
       8275.00      13575.00       3675.00
     1
PRIM
     1     1
     4
     0.0000000     0.0000000     0.0010000     8.2750000
     0.0007071     0.0007071     0.0000000    13.5370000
    -0.0007071     0.0007071     0.0000000     3.6907401
         11.67          0.00        -21.50
         59.50         42.07         21.50
    38.0000000    21.5000000     0.7853982
CNTE
     1     2
PRIM
     1     1
     8
    -0.0010000     0.0000000     0.0000000     8.2750000
     0.0000000    -0.0007071     0.0007071    13.4875000
     0.0000000     0.0007071     0.0007071     3.5875000
        -17.00        -17.00       -108.00
         17.00         17.00        108.00
    17.0000000   216.0071427
CNTB
     1     2
ELBOW 2 of BRANCH /COND-01-B1
       8275.00      13400.00       3500.00
     1
PRIM
     1     1
     4
     0.0000000     0.0000000    -0.0010000     8.2750000
    -0.0010000     0.0000000     0.0000000    13.4380000
     0.0000000     0.0010000     0.0000000     3.4842599
         11.67          0.00        -21.50
         59.50         42.07         21.50
    38.0000000    21.5000000     0.7853982
CNTE
     1     2
PRIM
     1     1
     8
     0.0010000     0.0000000     0.0000000     8.2750000
     0.0000000     0.0010000     0.0000000    13.4000000
     0.0000000     0.0000000     0.0010000     2.8171299
        -17.00        -17.00       -667.13
         17.00         17.00        667.13
    17.0000000  1334.2598846
CNTE
     1     2
CNTE
     1     2
CNTB
     1     2
/COND-02
          0.00          0.00       1000.00
     1
CNTB
     1     2
/COND-02-B1
          0.00          0.00       1000.00
     1
PRIM
     1     1
     8
     0.0000000    -0.0010000     0.0000000    13.5500000
     0.0010000     0.0000000     0.0000000    13.5750000
     0.0000000     0.0000000     0.0010000     4.5204001
        -17.00        -17.00       -929.60
         17.00         17.00        929.60
    17.0000000  1859.1998846
CNTB
     1     2
ELBOW 1 of BRANCH /COND-02-B1
      13550.00      13575.00       3575.06
     1
PRIM
     1     1
     4
     0.0000000     0.0000000     0.0010000    13.5500000
     0.0007071     0.0007071     0.0000000    13.5370000
    -0.0007071     0.0007071     0.0000000     3.5908001
         11.67          0.00        -21.50
         59.50         42.07         21.50
    38.0000000    21.5000000     0.7853982
CNTE
     1     2
PRIM
     1     1
     8
    -0.0010000     0.0000000     0.0000000    13.5500000
     0.0000000    -0.0007071     0.0007071    13.5375000
     0.0000000     0.0007071     0.0007071     3.5375600
        -17.00        -17.00        -37.29
         17.00         17.00         37.29
    17.0000000    74.5857864
CNTB
     1     2
ELBOW 2 of BRANCH /COND-02-B1
      13550.00      13500.00       3500.06
     1
PRIM
     1     1
     4
     0.0000000     0.0000000    -0.0010000    13.5500000
    -0.0010000     0.0000000     0.0000000    13.5380000
     0.0000000     0.0010000     0.0000000     3.4843199
         11.67          0.00        -21.50
         59.50         42.07         21.50
    38.0000000    21.5000000     0.7853982
CNTE
     1     2
PRIM
     1     1
     8
     0.0010000     0.0000000     0.0000000    13.5500000
     0.0000000     0.0010000     0.0000000    13.5000000
     0.0000000     0.0000000     0.0010000     2.7171599
        -17.00        -17.00       -767.16
         17.00         17.00        767.16
    17.0000000  1534.3198846
CNTE
     1     2
CNTE
     1     2
CNTB
     1     2
/EX.PANEL
          0.00          0.00       1000.00
     1
CNTB
     1     2
/E-TRCH-DUM1
          0.00          0.00       1000.00
     1
CNTE
     1     2
CNTB
     1     2
/E-TRCH-DUM2
          0.00          0.00       1000.00
     1
CNTE
     1     2
CNTB
     1     2
/COND-01-DUM
          0.00          0.00       1000.00
     1
CNTE
     1     2
CNTB
     1     2
/COND-02-DUM
          0.00          0.00       1000.00
     1
CNTE
     1     2
CNTE
     1     2
CNTE
     1     2
CNTE
     1     2
END:
     1     1
